0 
   0.00000    0.00000    0.00000    0.00000
   0.00000    0.00000    0.00000    0.00000
   0.00000    0.00000    0.00000    0.00000
   0.00000    0.00000    0.00000    0.00000
   0.00000    0.00000    0.00000    0.00000
   0.00000    0.00000    0.00000    0.00000
   0.00000    0.00000    0.00000    0.00000
   0.00000    0.00000    0.00000    0.00000
   0.00000    0.00000    0.00000    0.00000
   0.00000    0.00000    0.00000    0.00000
   0.00000    0.00000    0.00000    0.00000
   0.00000    0.00000    0.00000    0.00000

1 
   0.00000    0.00000    0.00000    0.00000
   0.00000    0.00000    0.00000    0.00000
   0.00000    0.00000    0.00000    0.00000
   0.00000    0.00000    0.00000    0.00000
   0.00000    0.00000    0.00000    0.00000
   0.00000    0.00000    0.00000    0.00000
   0.00000    0.00000    0.00000    0.00000
   0.00000    0.00000    0.00000    0.00000
   0.00000    0.00000    0.00000    0.00000
   0.00000    0.00000    0.00000    0.00000
   0.00000    0.00000    0.00000    0.00000
   0.00000    0.00000    0.00000    0.00000

2 
   0.00000    0.00000    0.00000    0.00000
   0.00000    0.00000    0.00000    0.00000
   0.00000    0.00000    0.00000    0.00000
   0.00000    0.00000    0.00000    0.00000
   0.00000    0.00000    0.00000    0.00000
   0.00000    0.00000    0.00000    0.00000
   0.00000    0.00000    0.00000    0.00000
   0.00000    0.00000    0.00000    0.00000
   0.00000    0.00000    0.00000    0.00000
   0.00000    0.00000    0.00000    0.00000
   0.00000    0.00000    0.00000    0.00000
   0.00000    0.00000    0.00000    0.00000

3 
   0.00000    0.00000    0.00000    0.00000
   0.00000    0.00000    0.00000    0.00000
   0.00000    0.00000    0.00000    0.00000
   0.00000    0.00000    0.00000    0.00000
   0.00000    0.00000    0.00000    0.00000
   0.00000    0.00000    0.00000    0.00000
   0.00000    0.00000    0.00000    0.00000
   0.00000    0.00000    0.00000    0.00000
   0.00000    0.00000    0.00000    0.00000
   0.00000    0.00000    0.00000    0.00000
   0.00000    0.00000    0.00000    0.00000
   0.00000    0.00000    0.00000    0.00000

4 
   0.00000    0.00000    0.00000    0.00000
   0.00000    0.00000    0.00000    0.00000
  -0.39549    0.00000    0.00000    0.00000
  -0.50369    0.00000    0.00000    0.00000
  -0.46002    0.00000    0.00000    0.00000
  -0.06635    0.00000    0.00000    0.00000
  -0.42243    0.00000    0.00000    0.00000
  -0.21317    0.00000    0.00000    0.00000
  -0.62160    0.00000    0.00000    0.00000
  -0.46398    0.00000    0.00000    0.00000
  -0.57033    0.00000    0.00000    0.00000
  -0.65973    0.00000    0.00000    0.00000

5 
   0.00000    0.00000    0.00000    0.00000
   0.00000    0.00000    0.00000    0.00000
  -0.46451    0.00000    0.00000    0.00000
  -0.29486    0.00000    0.00000    0.00000
  -0.04690    0.00000    0.00000    0.00000
  -0.22299    0.00000    0.00000    0.00000
  -0.05202    0.00000    0.00000    0.00000
  -0.42096    0.00000    0.00000    0.00000
  -0.33245    0.00000    0.00000    0.00000
  -0.63656    0.00000    0.00000    0.00000
  -0.83941    0.00000    0.00000    0.00000
  -0.95389    0.00000    0.00000    0.00000

6 
   0.00000    0.00000    0.00000    0.00000
   0.00000    0.00000    0.00000    0.00000
  -0.52833    0.00000    0.00000    0.00000
  -0.06366    0.00000    0.00000    0.00000
  -0.21320    0.00000    0.00000    0.00000
  -0.23546    0.00000    0.00000    0.00000
  -0.33895    0.00000    0.00000    0.00000
  -0.38505    0.00000    0.00000    0.00000
  -0.36733    0.00000    0.00000    0.00000
  -0.53466    0.00000    0.00000    0.00000
  -0.44565    0.00000    0.00000    0.00000
  -0.83627    0.00000    0.00000    0.00000

7 
   0.00000    0.00000    0.00000    0.00000
   0.00000    0.00000    0.00000    0.00000
  -0.24875    0.00000    0.00000    0.00000
  -0.23481    0.00000    0.00000    0.00000
  -0.01342    0.00000    0.00000    0.00000
  -0.00538    0.00000    0.00000    0.00000
  -0.36710    0.00000    0.00000    0.00000
  -0.73878    0.00000    0.00000    0.00000
  -0.55386    0.00000    0.00000    0.00000
  -0.66832    0.00000    0.00000    0.00000
  -0.64652    0.00000    0.00000    0.00000
  -0.54279    0.00000    0.00000    0.00000

8 
   0.00000    0.00000    0.00000    0.00000
   0.00000    0.00000    0.00000    0.00000
  -0.45862    0.00000    0.00000    0.00000
  -0.23120    0.00000    0.00000    0.00000
  -0.22092    0.00000    0.00000    0.00000
  -0.00028    0.00000    0.00000    0.00000
  -0.13298    0.00000    0.00000    0.00000
  -0.51418    0.00000    0.00000    0.00000
  -0.88663    0.00000    0.00000    0.00000
  -0.87022    0.00000    0.00000    0.00000
  -0.72102    0.00000    0.00000    0.00000
  -0.85572    0.00000    0.00000    0.00000

9 
   0.00000    0.00000    0.00000    0.00000
   0.00000    0.00000    0.00000    0.00000
  -0.50241    0.00000    0.00000    0.00000
  -0.26001    0.00000    0.00000    0.00000
  -0.42963    0.00000    0.00000    0.00000
  -0.03819    0.00000    0.00000    0.00000
  -0.12682    0.00000    0.00000    0.00000
  -0.65431    0.00000    0.00000    0.00000
  -0.66579    0.00000    0.00000    0.00000
  -0.55515    0.00000    0.00000    0.00000
  -0.63388    0.00000    0.00000    0.00000
  -0.99771    0.00000    0.00000    0.00000

10 
   0.00000    0.00000    0.00000    0.00000
   0.00000    0.00000    0.00000    0.00000
  -0.03121    1.62508    0.00000    0.00000
   0.33878    1.61685    0.00000    0.00000
   0.17609    1.56326    0.00000    0.00000
   0.71611    1.59889    0.00000    0.00000
   0.56919    1.60093    0.00000    0.00000
   0.22277    1.60397    0.00000    0.00000
   0.14343    1.49784    0.00000    0.00000
   0.09656    1.63049    0.00000    0.00000
  -0.19519    1.56277    0.00000    0.00000
  -0.17342    1.29430    0.00000    0.00000

11 
   0.00000    0.00000    0.00000    0.00000
   0.00000    0.00000    0.00000    0.00000
  -0.30711    0.95674    0.00000    0.00000
  -0.13108    0.97117    0.00000    0.00000
  -0.05138    0.91659    0.00000    0.00000
   0.06484    0.92777    0.00000    0.00000
   0.30117    0.89984    0.00000    0.00000
  -0.13643    0.99477    0.00000    0.00000
  -0.01502    0.95770    0.00000    0.00000
   0.13714    0.97233    0.00000    0.00000
  -0.34004    0.91780    0.00000    0.00000
  -0.17683    0.86371    0.00000    0.00000

12 
   0.00000    0.00000    0.00000    0.00000
   0.00000    0.00000    0.00000    0.00000
  -0.82694   -0.48122    0.66814    1.49292
  -0.85101   -0.21190    0.63618    1.57030
   0.08183   -0.87416    0.22136    1.55637
   0.09370   -0.39936    0.38968    1.58745
  -0.59877    0.15489    0.55584    1.60507
  -0.89473   -0.23757    0.26789    1.62858
  -0.69824   -0.71251    0.07454    1.63540
  -0.82792   -0.34504    0.11201    1.62283
  -1.01499   -0.46249    0.16492    1.50434
  -1.08352   -0.29062   -0.32135    1.34015

13 
   0.00000    0.00000    0.00000    0.00000
   0.00000    0.00000    0.00000    0.00000
  -0.92302   -0.58526    0.28848    1.49932
  -0.83738   -0.32013    0.30563    1.57323
  -0.74503   -0.94134    0.14692    1.56359
  -0.19505   -0.87300    0.53443    1.64133
  -0.90113   -0.46657    0.18988    1.59828
  -0.55006   -0.53304    0.09290    1.62436
  -1.01331   -0.93843   -0.07127    1.64000
  -0.91530   -0.54496    0.17997    1.63968
  -1.00873   -0.60861    0.23725    1.51564
  -0.97724   -0.45647   -0.32905    1.48019

14 
   0.00000    0.00000    0.00000    0.00000
   0.00000    0.00000    0.00000    0.00000
  -0.73804   -0.68987    0.20818    1.61064
  -0.84981   -0.49182    0.56741    1.63315
  -0.26421   -0.65999    0.10371    1.53024
  -0.07548   -0.99097    0.16943    1.59027
  -0.15572   -0.96640    0.53698    1.60567
  -0.60742   -0.94476    0.16089    1.59148
  -0.77842   -0.58335    0.18906    1.64171
  -0.99470   -0.65140    0.16237    1.62590
  -0.83700   -0.61111   -0.01729    1.58404
  -1.03979   -0.49796   -0.42517    1.36460

15 
   0.00000    0.00000    0.00000    0.00000
   0.00000    0.00000    0.00000    0.00000
  -0.61339   -0.98994    0.17671    1.62019
  -0.92345   -0.64796    0.14806    1.51296
  -1.07259   -0.64847    0.49384    1.55696
  -0.76253   -0.63441    0.48324    1.56268
  -0.15289   -0.88990    0.55586    1.61138
  -1.00838   -0.68688    0.14244    1.63368
  -1.03494   -0.34986    0.24369    1.56169
  -1.15070   -0.41462    0.04260    1.50235
  -1.06952   -0.15672    0.15886    1.62330
  -1.14685   -0.51638   -0.29530    1.23155

16 
   0.00000    0.00000    0.00000    0.00000
   0.00000    0.00000    0.00000    0.00000
  -0.76964   -0.42395    0.13791    1.49665
  -0.76965   -0.75448    0.16626    1.50081
  -0.58802   -0.82676    0.08833    1.60234
  -0.05858   -0.72917    0.41754    1.59086
  -0.28352   -0.87330    0.25152    1.61053
  -0.90967   -0.87083    0.11009    1.60043
  -1.05141   -0.45575    0.01502    1.61031
  -0.96390   -0.68252    0.17042    1.60326
  -1.18676   -0.54341   -0.01143    1.54998
  -1.04918   -0.62906   -0.04063    1.30934

17 
   0.00000    0.00000    0.00000    0.00000
   0.00000    0.00000    0.00000    0.00000
  -0.39094   -0.70585    0.47587    1.60464
  -0.28797   -0.85360    0.31459    1.54217
  -0.04305   -0.92733    0.73225    1.62333
  -0.40214   -0.79378    0.38695    1.55597
  -0.44892   -0.80106    0.46120    1.60418
  -0.43626   -0.85171    0.60619    1.63622
  -0.72139   -0.51721    0.37527    1.63747
  -1.09978   -0.97169    0.26164    1.56393
  -0.85356   -0.86015    0.34041    1.61090
  -1.02281   -0.98664    0.07419    1.44357

18 
   0.00000    0.00000    0.00000    0.00000
   0.00000    0.00000    0.00000    0.00000
   0.26555   -0.50687    0.55883    1.56979
  -0.14434   -0.58000    0.84205    1.59961
   0.38950   -0.77996    0.77018    1.59731
   0.65981   -0.99478    0.91228    1.64136
   0.55094   -0.86411    0.83589    1.62177
   0.79414   -0.70862    1.23119    1.62805
   0.09170   -0.67314    1.07969    1.64756
  -0.55125   -0.99754    0.47963    1.57773
  -0.95744   -0.90344    0.37344    1.63453
  -1.18119   -0.14463    0.14446    1.28620

19 
   0.00000    0.00000    0.00000    0.00000
   0.00000    0.00000    0.00000    0.00000
   0.75381   -0.99580    0.89731    1.58415
   0.45146   -0.99176    0.79485    1.64016
   0.46710   -0.96676    1.06723    1.60493
   0.91048   -0.87496    1.21234    1.45876
   0.83357   -0.80947    0.85429    1.62467
   0.89713   -0.55931    1.30984    1.60226
   0.96279   -0.32911    1.24021    1.60878
   0.79270   -0.26984    1.14512    1.54466
  -0.26719   -0.90758    0.57815    1.59450
  -0.14536   -0.98616    0.74801    1.42391

20 
   0.00000    0.00000    0.00000    0.00000
   0.00000    0.00000    0.00000    0.00000
   0.97482   -0.29741    1.19102    1.58254
   0.97126   -0.78809    1.31277    1.56742
   1.36875   -0.30743    1.17002    1.62392
   1.28159   -0.67145    1.51219    1.62371
   1.01731   -0.84797    1.42088    1.55170
   1.44352   -0.67752    1.41393    1.63202
   1.14323   -0.74505    1.41244    1.64849
   1.32853   -0.99480    1.45771    1.62252
   0.99845   -0.44448    0.88760    1.62682
   0.09460   -0.87354    1.13379    1.44581

21 
   0.00000    0.00000    0.00000    0.00000
   0.00000    0.00000    0.00000    0.00000
   0.00000    0.00000    1.61231    0.98828
   0.00000    0.00000    1.65283    0.98253
   0.00000    0.00000    1.62546    0.97680
   0.00000    0.00000    1.61699    0.92154
   0.00000    0.00000    1.64865    0.97111
   0.00000    0.00000    1.59845    0.99998
   0.00000    0.00000    1.61015    0.97050
   0.00000    0.00000    1.64565    0.92962
   0.00000    0.00000    1.59961    0.89822
   0.00000    0.00000    1.38972    0.75088

22 
   0.00000    0.00000    0.00000    0.00000
   0.00000    0.00000    0.00000    0.00000
   0.00000    0.00000    0.00000    0.00000
   0.00000    0.00000    0.00000    0.00000
   0.00000    0.00000    0.00000    0.00000
   0.00000    0.00000    0.00000    0.00000
   0.00000    0.00000    0.00000    0.00000
   0.00000    0.00000    0.00000    0.00000
   0.00000    0.00000    0.00000    0.00000
   0.00000    0.00000    0.00000    0.00000
   0.00000    0.00000    0.00000    0.00000
   0.00000    0.00000    0.00000    0.00000

23 
   0.00000    0.00000    0.00000    0.00000
   0.00000    0.00000    0.00000    0.00000
   0.00000    0.00000    0.00000    0.00000
   0.00000    0.00000    0.00000    0.00000
   0.00000    0.00000    0.00000    0.00000
   0.00000    0.00000    0.00000    0.00000
   0.00000    0.00000    0.00000    0.00000
   0.00000    0.00000    0.00000    0.00000
   0.00000    0.00000    0.00000    0.00000
   0.00000    0.00000    0.00000    0.00000
   0.00000    0.00000    0.00000    0.00000
   0.00000    0.00000    0.00000    0.00000

24 
   0.00000    0.00000    0.00000    0.00000
   0.00000    0.00000    0.00000    0.00000
   0.00000    0.00000    0.00000    0.00000
   0.00000    0.00000    0.00000    0.00000
   0.00000    0.00000    0.00000    0.00000
   0.00000    0.00000    0.00000    0.00000
   0.00000    0.00000    0.00000    0.00000
   0.00000    0.00000    0.00000    0.00000
   0.00000    0.00000    0.00000    0.00000
   0.00000    0.00000    0.00000    0.00000
   0.00000    0.00000    0.00000    0.00000
   0.00000    0.00000    0.00000    0.00000

25 
   0.00000    0.00000    0.00000    0.00000
   0.00000    0.00000    0.00000    0.00000
   0.00000    0.00000    0.00000    0.00000
   0.00000    0.00000    0.00000    0.00000
   0.00000    0.00000    0.00000    0.00000
   0.00000    0.00000    0.00000    0.00000
   0.00000    0.00000    0.00000    0.00000
   0.00000    0.00000    0.00000    0.00000
   0.00000    0.00000    0.00000    0.00000
   0.00000    0.00000    0.00000    0.00000
   0.00000    0.00000    0.00000    0.00000
   0.00000    0.00000    0.00000    0.00000

26 
   0.00000    0.00000    0.00000    0.00000
   0.00000    0.00000    0.00000    0.00000
   0.00000    0.00000    0.00000    0.00000
   0.00000    0.00000    0.00000    0.00000
   0.00000    0.00000    0.00000    0.00000
   0.00000    0.00000    0.00000    0.00000
   0.00000    0.00000    0.00000    0.00000
   0.00000    0.00000    0.00000    0.00000
   0.00000    0.00000    0.00000    0.00000
   0.00000    0.00000    0.00000    0.00000
   0.00000    0.00000    0.00000    0.00000
   0.00000    0.00000    0.00000    0.00000

27 
   0.00000    0.00000    0.00000    0.00000
   0.00000    0.00000    0.00000    0.00000
   0.00000    0.00000    0.00000    0.00000
   0.00000    0.00000    0.00000    0.00000
   0.00000    0.00000    0.00000    0.00000
   0.00000    0.00000    0.00000    0.00000
   0.00000    0.00000    0.00000    0.00000
   0.00000    0.00000    0.00000    0.00000
   0.00000    0.00000    0.00000    0.00000
   0.00000    0.00000    0.00000    0.00000
   0.00000    0.00000    0.00000    0.00000
   0.00000    0.00000    0.00000    0.00000

28 
   0.00000    0.00000    0.00000    0.00000
   0.00000    0.00000    0.00000    0.00000
   0.00000    0.00000    0.00000    0.00000
   0.00000    0.00000    0.00000    0.00000
   0.00000    0.00000    0.00000    0.00000
   0.00000    0.00000    0.00000    0.00000
   0.00000    0.00000    0.00000    0.00000
   0.00000    0.00000    0.00000    0.00000
   0.00000    0.00000    0.00000    0.00000
   0.00000    0.00000    0.00000    0.00000
   0.00000    0.00000    0.00000    0.00000
   0.00000    0.00000    0.00000    0.00000

29 
   0.00000    0.00000    0.00000    0.00000
   0.00000    0.00000    0.00000    0.00000
   0.00000    0.00000    0.00000    0.00000
   0.00000    0.00000    0.00000    0.00000
   0.00000    0.00000    0.00000    0.00000
   0.00000    0.00000    0.00000    0.00000
   0.00000    0.00000    0.00000    0.00000
   0.00000    0.00000    0.00000    0.00000
   0.00000    0.00000    0.00000    0.00000
   0.00000    0.00000    0.00000    0.00000
   0.00000    0.00000    0.00000    0.00000
   0.00000    0.00000    0.00000    0.00000

30 
   0.00000    0.00000    0.00000    0.00000
   0.00000    0.00000    0.00000    0.00000
   0.00000    0.00000    0.00000    0.00000
   0.00000    0.00000    0.00000    0.00000
   0.00000    0.00000    0.00000    0.00000
   0.00000    0.00000    0.00000    0.00000
   0.00000    0.00000    0.00000    0.00000
   0.00000    0.00000    0.00000    0.00000
   0.00000    0.00000    0.00000    0.00000
   0.00000    0.00000    0.00000    0.00000
   0.00000    0.00000    0.00000    0.00000
   0.00000    0.00000    0.00000    0.00000

31 
   0.00000    0.00000    0.00000    0.00000
   0.00000    0.00000    0.00000    0.00000
   0.00000    0.00000    0.00000    0.00000
   0.00000    0.00000    0.00000    0.00000
   0.00000    0.00000    0.00000    0.00000
   0.00000    0.00000    0.00000    0.00000
   0.00000    0.00000    0.00000    0.00000
   0.00000    0.00000    0.00000    0.00000
   0.00000    0.00000    0.00000    0.00000
   0.00000    0.00000    0.00000    0.00000
   0.00000    0.00000    0.00000    0.00000
   0.00000    0.00000    0.00000    0.00000

32 
   0.00000    0.00000    0.00000    0.00000
   0.00000    0.00000    0.00000    0.00000
   0.00000    0.00000    0.00000    0.00000
   0.00000    0.00000    0.00000    0.00000
   0.00000    0.00000    0.00000    0.00000
   0.00000    0.00000    0.00000    0.00000
   0.00000    0.00000    0.00000    0.00000
   0.00000    0.00000    0.00000    0.00000
   0.00000    0.00000    0.00000    0.00000
   0.00000    0.00000    0.00000    0.00000
   0.00000    0.00000    0.00000    0.00000
   0.00000    0.00000    0.00000    0.00000

